      1,      23,     427,     423,      24,     282,     950,     946,     281
      2,     419,     423,     539,     478,     942,     946,    1062,    1001
      3,     513,     718,     722,     463,    1036,    1241,    1245,     986
      4,     377,     375,     410,     412,     900,     898,     933,     935
      5,     498,     500,     447,     435,    1021,    1023,     970,     958
      6,      22,      21,     433,     429,     283,     284,     956,     952
      7,     508,     563,     509,     457,    1031,    1086,    1032,     980
      8,     614,     648,     847,     664,    1137,    1171,    1370,    1187
      9,     447,     434,     383,     435,     970,     957,     906,     958
     10,     349,     354,     160,     159,     872,     877,     289,     290
     11,     501,     354,     349,     442,    1024,     877,     872,     965
     12,     598,     551,     455,     806,    1121,    1074,     978,    1329
     13,     437,     504,     806,     505,     960,    1027,    1329,    1028
     14,     551,     390,       8,     455,    1074,     913,      15,     978
     15,     363,     391,     399,     364,     886,     914,     922,     887
     16,     552,     844,     852,     553,    1075,    1367,    1375,    1076
     17,     364,     157,     156,     363,     887,     292,     293,     886
     18,     368,     149,     148,     367,     891,     300,     301,     890
     19,       7,     372,     366,     147,      16,     895,     889,     302
     20,     456,     506,     454,     400,     979,    1029,     977,     923
     21,     366,     400,     394,     367,     889,     923,     917,     890
     22,     456,     400,     366,     372,     979,     923,     889,     895
     23,     372,     780,     549,     456,     895,    1303,    1072,     979
     24,     803,     382,     352,     351,    1326,     905,     875,     874
     25,     821,     820,     382,     803,    1344,    1343,     905,    1326
     26,     760,     618,     514,     715,    1283,    1141,    1037,    1238
     27,     458,     374,     376,     411,     981,     897,     899,     934
     28,     347,     387,     503,     449,     870,     910,    1026,     972
     29,     507,     409,     374,     458,    1030,     932,     897,     981
     30,     464,     414,     380,     727,     987,     937,     903,    1250
     31,     782,     731,      97,      96,    1305,    1254,     208,     209
     32,      95,     782,      96,       4,     210,    1305,     209,      11
     33,     376,     374,     102,     101,     899,     897,     203,     204
     34,     359,     141,       6,     347,     882,     308,       9,     870
     35,     419,      25,      24,     423,     942,     280,     281,     946
     36,      65,     726,     781,      66,     240,    1249,    1304,     239
     37,     418,      26,      25,     419,     941,     279,     280,     942
     38,     422,     534,     481,     425,     945,    1057,    1004,     948
     39,     530,     472,     777,     476,    1053,     995,    1300,     999
     40,     472,     468,      30,      29,     995,     991,     275,     276
     41,      31,      30,     468,     466,     274,     275,     991,     989
     42,      33,      32,     525,     520,     272,     273,    1048,    1043
     43,     520,     518,      34,      33,    1043,    1041,     271,     272
     44,      35,      34,     518,     516,     270,     271,    1041,    1039
     45,     785,     570,     574,     516,    1308,    1093,    1097,    1039
     46,     516,     574,      36,      35,    1039,    1097,     269,     270
     47,      38,      37,     570,     569,     267,     268,    1093,    1092
     48,     574,     570,      37,      36,    1097,    1093,     268,     269
     49,      40,      39,     624,     620,     265,     266,    1147,    1143
     50,     569,     624,      39,      38,    1092,    1147,     266,     267
     51,     620,     656,      41,      40,    1143,    1179,     264,     265
     52,       2,      41,     656,      42,      13,     264,    1179,     263
     53,      66,     781,      67,       3,     239,    1304,     238,      12
     54,     463,     722,     726,     416,     986,    1245,    1249,     939
     55,      62,     377,     379,      63,     243,     900,     902,     242
     56,      61,     375,     377,      62,     244,     898,     900,     243
     57,      60,     373,     375,      61,     245,     896,     898,     244
     58,      59,     408,     373,      60,     246,     931,     896,     245
     59,      56,     402,     404,      57,     249,     925,     927,     248
     60,     406,      58,      57,     404,     929,     247,     248,     927
     61,     402,      56,      55,     388,     925,     249,     250,     911
     62,      54,     431,     388,      55,     251,     954,     911,     250
     63,      52,     422,     425,      53,     253,     945,     948,     252
     64,      51,     477,     422,      52,     254,    1000,     945,     253
     65,      49,     470,     473,      50,     256,     993,     996,     255
     66,      48,     524,     470,      49,     257,    1047,     993,     256
     67,     620,     624,     658,     657,    1143,    1147,    1181,    1180
     68,      46,     577,     521,      47,     259,    1100,    1044,     258
     69,     577,      46,      45,     572,    1100,     259,     260,    1095
     70,      44,     627,     572,      45,     261,    1150,    1095,     260
     71,     627,      44,      43,     622,    1150,     261,     262,    1145
     72,      42,     656,     622,      43,     263,    1179,    1145,     262
     73,     619,     121,       5,     120,    1142,     184,      10,     185
     74,     621,     122,     121,     619,    1144,     183,     184,    1142
     75,     122,     621,     568,     123,     183,    1144,    1091,     182
     76,     625,     621,     619,     623,    1148,    1144,    1142,    1146
     77,     791,     124,     123,     568,    1314,     181,     182,    1091
     78,     515,     126,     125,     571,    1038,     179,     180,    1094
     79,     621,     625,     791,     568,    1144,    1148,    1314,    1091
     80,     523,     129,     128,     519,    1046,     176,     177,    1042
     81,     129,     523,     465,     130,     176,    1046,     988,     175
     82,     465,     586,     526,     467,     988,    1109,    1049,     990
     83,     536,     475,     471,     529,    1059,     998,     994,    1052
     84,     533,     480,     420,     417,    1056,    1003,     943,     940
     85,     110,     109,     426,     421,     195,     196,     949,     944
     86,     139,     432,     401,     140,     166,     955,     924,     165
     87,     107,     106,     403,     389,     198,     199,     926,     912
     88,     405,     403,     106,     105,     928,     926,     199,     200
     89,     407,     405,     105,     104,     930,     928,     200,     201
     90,       6,     779,     387,     347,       9,    1302,     910,     870
     91,     104,     103,     409,     407,     201,     202,     932,     930
     92,     378,     376,     101,     100,     901,     899,     204,     205
     93,     380,     378,     100,      99,     903,     901,     205,     206
     94,     727,     380,      99,      98,    1250,     903,     206,     207
     95,     715,     758,     771,     741,    1238,    1281,    1294,    1264
     96,     120,     119,     623,     619,     185,     186,    1146,    1142
     97,     517,     127,     126,     515,    1040,     178,     179,    1038
     98,     522,     580,     775,     776,    1045,    1103,    1298,    1299
     99,     634,     575,     517,     515,    1157,    1098,    1040,    1038
    100,     467,     131,     130,     465,     990,     174,     175,     988
    101,     475,     133,     132,     471,     998,     172,     173,     994
    102,     133,     475,     417,     134,     172,     998,     940,     171
    103,     113,     112,     474,     469,     192,     193,     997,     992
    104,     420,     135,     134,     417,     943,     170,     171,     940
    105,     428,     137,     136,     424,     951,     168,     169,     947
    106,     432,     139,     138,     430,     955,     166,     167,     953
    107,     109,     108,     436,     426,     196,     197,     959,     949
    108,     387,     779,     488,     444,     910,    1302,    1011,     967
    109,     140,     401,     779,       6,     165,     924,    1302,       9
    110,     142,     350,     348,     143,     307,     873,     871,     306
    111,     351,     144,     143,     348,     874,     305,     306,     871
    112,     352,     145,     144,     351,     875,     304,     305,     874
    113,     353,     146,     145,     352,     876,     303,     304,     875
    114,     386,       7,     146,     353,     909,      16,     303,     876
    115,     381,     804,     348,     350,     904,    1327,     871,     873
    116,     845,     437,     391,     393,    1368,     960,     914,     916
    117,     369,     150,     149,     368,     892,     299,     300,     891
    118,     150,     369,     370,     151,     299,     892,     893,     298
    119,     152,     371,     361,     153,     297,     894,     884,     296
    120,     362,     154,     153,     361,     885,     295,     296,     884
    121,     154,     362,     360,     155,     295,     885,     883,     294
    122,     365,     158,     157,     364,     888,     291,     292,     887
    123,     455,       8,     158,     365,     978,      15,     291,     888
    124,     155,     360,     363,     156,     294,     883,     886,     293
    125,     354,     355,     161,     160,     877,     878,     288,     289
    126,     163,     162,     356,     357,     286,     287,     879,     880
    127,     385,       1,     164,     358,     908,      14,     285,     881
    128,     809,     541,     544,     542,    1332,    1064,    1067,    1065
    129,     355,     354,     501,     383,     878,     877,    1024,     906
    130,     350,     142,     141,     359,     873,     307,     308,     882
    131,     381,     350,     359,     384,     904,     873,     882,     907
    132,     390,     349,     159,       8,     913,     872,     290,      15
    133,     448,     386,     353,     800,     971,     909,     876,    1323
    134,     453,     800,     382,     820,     976,    1323,     905,    1343
    135,     780,     372,       7,     386,    1303,     895,      16,     909
    136,     560,     448,     800,     453,    1083,     971,    1323,     976
    137,     355,     356,     162,     161,     878,     879,     287,     288
    138,     356,     434,     358,     357,     879,     957,     881,     880
    139,     164,     163,     357,     358,     285,     286,     880,     881
    140,     355,     383,     434,     356,     878,     906,     957,     879
    141,     393,     360,     362,     392,     916,     883,     885,     915
    142,     396,     368,     367,     394,     919,     891,     890,     917
    143,     147,     366,     367,     148,     302,     889,     890,     301
    144,     391,     363,     360,     393,     914,     886,     883,     916
    145,     505,     365,     364,     399,    1028,     888,     887,     922
    146,     505,     399,     391,     437,    1028,     922,     914,     960
    147,     398,     397,     396,     499,     921,     920,     919,    1022
    148,     398,     370,     369,     397,     921,     893,     892,     920
    149,     368,     396,     397,     369,     891,     919,     920,     892
    150,     371,     152,     151,     370,     894,     297,     298,     893
    151,     438,     395,     361,     371,     961,     918,     884,     894
    152,     392,     362,     361,     395,     915,     885,     884,     918
    153,     595,     549,     780,     495,    1118,    1072,    1303,    1018
    154,     457,     410,     375,     373,     980,     933,     898,     896
    155,     502,     610,     834,     554,    1025,    1133,    1357,    1077
    156,     416,      64,      63,     379,     939,     241,     242,     902
    157,     493,     385,     447,     500,    1016,     908,     970,    1023
    158,     680,     618,     760,     725,    1203,    1141,    1283,    1248
    159,     726,      65,      64,     416,    1249,     240,     241,     939
    160,     415,     412,     825,     462,     938,     935,    1348,     985
    161,     411,     376,     378,     413,     934,     899,     901,     936
    162,     567,     617,     718,     513,    1090,    1140,    1241,    1036
    163,     464,     514,     461,     414,     987,    1037,     984,     937
    164,     644,     510,     459,     566,    1167,    1033,     982,    1089
    165,     789,     502,     452,     384,    1312,    1025,     975,     907
    166,     557,     604,     556,     830,    1080,    1127,    1079,    1353
    167,     385,     358,     434,     447,     908,     881,     957,     970
    168,     608,     837,     559,     810,    1131,    1360,    1082,    1333
    169,     347,     789,     384,     359,     870,    1312,     907,     882
    170,     560,     548,     495,     448,    1083,    1071,    1018,     971
    171,     486,     488,     779,     401,    1009,    1011,    1302,     924
    172,     135,     420,     424,     136,     170,     943,     947,     169
    173,      21,       1,     788,     433,     284,      14,    1311,     956
    174,     852,     439,     454,     492,    1375,     962,     977,    1015
    175,     438,     371,     370,     398,     961,     894,     893,     921
    176,     442,     349,     390,     494,     965,     872,     913,    1017
    177,     506,     555,     492,     454,    1029,    1078,    1015,     977
    178,     490,     547,     444,     488,    1013,    1070,     967,    1011
    179,     408,      59,      58,     406,     931,     246,     247,     929
    180,     545,     543,     486,     795,    1068,    1066,    1009,    1318
    181,     491,     429,     433,     788,    1014,     952,     956,    1311
    182,     441,     403,     405,     446,     964,     926,     928,     969
    183,     374,     409,     103,     102,     897,     932,     202,     203
    184,     451,     406,     404,     445,     974,     929,     927,     968
    185,     507,     450,     407,     409,    1030,     973,     930,     932
    186,     377,     412,     415,     379,     900,     935,     938,     902
    187,       1,     385,     493,     788,      14,     908,    1016,    1311
    188,     789,     564,     610,     502,    1312,    1087,    1133,    1025
    189,     826,     512,     851,     615,    1349,    1035,    1374,    1138
    190,     414,     461,     459,     413,     937,     984,     982,     936
    191,     380,     414,     413,     378,     903,     937,     936,     901
    192,     415,     463,     416,     379,     938,     986,     939,     902
    193,     726,     722,     740,     781,    1249,    1245,    1263,    1304
    194,     112,     111,     479,     474,     193,     194,    1002,     997
    195,     418,     778,      27,      26,     941,    1301,     278,     279
    196,     539,     544,     487,     594,    1062,    1067,    1010,    1117
    197,     430,     138,     137,     428,     953,     167,     168,     951
    198,     484,     430,     428,     796,    1007,     953,     951,    1319
    199,     469,     474,     588,     532,     992,     997,    1111,    1055
    200,     431,      54,      53,     425,     954,     251,     252,     948
    201,     793,     476,     418,     537,    1316,     999,     941,    1060
    202,     594,     823,     590,     592,    1117,    1346,    1113,    1115
    203,      22,     429,     427,      23,     283,     952,     950,     282
    204,     389,     436,     108,     107,     912,     959,     197,     198
    205,     388,     487,     440,     402,     911,    1010,     963,     925
    206,     817,     816,     484,     796,    1340,    1339,    1007,    1319
    207,     483,     423,     427,     485,    1006,     946,     950,    1008
    208,     421,     426,     538,     482,     944,     949,    1061,    1005
    209,     795,     486,     401,     432,    1318,    1009,     924,     955
    210,     787,     436,     389,     489,    1310,     959,     912,    1012
    211,     491,     485,     427,     429,    1014,    1008,     950,     952
    212,     557,     558,     606,     604,    1080,    1081,    1129,    1127
    213,     501,     829,     435,     383,    1024,    1352,     958,     906
    214,     666,     646,     642,     663,    1189,    1169,    1165,    1186
    215,     504,     437,     845,     846,    1027,     960,    1368,    1369
    216,     438,     844,     552,     846,     961,    1367,    1075,    1369
    217,     499,     396,     394,     439,    1022,     919,     917,     962
    218,     660,     597,     549,     641,    1183,    1120,    1072,    1164
    219,     400,     454,     439,     394,     923,     977,     962,     917
    220,     402,     440,     445,     404,     925,     963,     968,     927
    221,     441,     489,     389,     403,     964,    1012,     912,     926
    222,     867,     647,     596,     646,    1390,    1170,    1119,    1169
    223,     373,     408,     508,     457,     896,     931,    1031,     980
    224,     446,     405,     407,     450,     969,     928,     930,     973
    225,     451,     508,     408,     406,     974,    1031,     931,     929
    226,     825,     412,     410,     460,    1348,     935,     933,     983
    227,     453,     832,     833,     560,     976,    1355,    1356,    1083
    228,     821,     381,     384,     452,    1344,     904,     907,     975
    229,     562,     547,     497,     815,    1085,    1070,    1020,    1338
    230,     508,     451,     445,     822,    1031,     974,     968,    1345
    231,     828,     820,     821,     452,    1351,    1343,    1344,     975
    232,     502,     554,     833,     832,    1025,    1077,    1356,    1355
    233,     505,     806,     455,     365,    1028,    1329,     978,     888
    234,     597,     660,     663,     642,    1120,    1183,    1186,    1165
    235,     852,     492,     857,     553,    1375,    1015,    1380,    1076
    236,     551,     790,     494,     390,    1074,    1313,    1017,     913
    237,     448,     495,     780,     386,     971,    1018,    1303,     909
    238,     457,     509,     460,     410,     980,    1032,     983,     933
    239,     565,     612,     550,     605,    1088,    1135,    1073,    1128
    240,     599,     503,     387,     444,    1122,    1026,     910,     967
    241,     616,     511,     618,     680,    1139,    1034,    1141,    1203
    242,     510,     411,     413,     459,    1033,     934,     936,     982
    243,     810,     559,     493,     500,    1333,    1082,    1016,    1023
    244,     511,     461,     514,     618,    1034,     984,    1037,    1141
    245,     462,     513,     463,     415,     985,    1036,     986,     938
    246,     692,     683,     671,     679,    1215,    1206,    1194,    1202
    247,     738,     735,     761,     721,    1261,    1258,    1284,    1244
    248,      98,      97,     731,     727,     207,     208,    1254,    1250
    249,     581,     522,     114,     528,    1104,    1045,     191,    1051
    250,     471,     132,     131,     467,     994,     173,     174,     990
    251,     529,     471,     467,     526,    1052,     994,     990,    1049
    252,     576,     632,     633,     635,    1099,    1155,    1156,    1158
    253,     777,     472,      29,      28,    1300,     995,     276,     277
    254,     477,      51,      50,     473,    1000,     254,     255,     996
    255,     525,     466,     587,     786,    1048,     989,    1110,    1309
    256,     824,     590,     481,     534,    1347,    1113,    1004,    1057
    257,     418,     476,     777,     778,     941,     999,    1300,    1301
    258,     421,     479,     111,     110,     944,    1002,     194,     195
    259,     581,     631,     580,     522,    1104,    1154,    1103,    1045
    260,     535,     588,     474,     479,    1058,    1111,     997,    1002
    261,     530,     527,     468,     472,    1053,    1050,     991,     995
    262,     534,     422,     477,     589,    1057,     945,    1000,    1112
    263,     537,     418,     419,     478,    1060,     941,     942,    1001
    264,     585,     637,     587,     527,    1108,    1160,    1110,    1050
    265,     482,     535,     479,     421,    1005,    1058,    1002,     944
    266,     428,     424,     420,     796,     951,     947,     943,    1319
    267,     801,     584,     536,     529,    1324,    1107,    1059,    1052
    268,     787,     538,     426,     436,    1310,    1061,     949,     959
    269,     425,     481,     540,     431,     948,    1004,    1063,     954
    270,     431,     540,     487,     388,     954,    1063,    1010,     911
    271,     423,     483,     544,     539,     946,    1006,    1067,    1062
    272,     822,     445,     440,     541,    1345,     968,     963,    1064
    273,     593,     787,     489,     543,    1116,    1310,    1012,    1066
    274,     486,     543,     490,     488,    1009,    1066,    1013,    1011
    275,     490,     543,     489,     441,    1013,    1066,    1012,     964
    276,     816,     593,     543,     545,    1339,    1116,    1066,    1068
    277,     496,     809,     542,     546,    1019,    1332,    1065,    1069
    278,     446,     450,     497,     808,     969,     973,    1020,    1331
    279,     446,     808,     490,     441,     969,    1331,    1013,     964
    280,     546,     491,     788,     443,    1069,    1014,    1311,     966
    281,     483,     485,     542,     544,    1006,    1008,    1065,    1067
    282,     439,     852,     844,     499,     962,    1375,    1367,    1022
    283,     596,     857,     492,     555,    1119,    1380,    1015,    1078
    284,     822,     496,     563,     508,    1345,    1019,    1086,    1031
    285,     672,     853,     645,     609,    1195,    1376,    1168,    1132
    286,     494,     558,     557,     442,    1017,    1081,    1080,     965
    287,     549,     597,     506,     456,    1072,    1120,    1029,     979
    288,     495,     548,     602,     595,    1018,    1071,    1125,    1118
    289,     485,     491,     546,     542,    1008,    1014,    1069,    1065
    290,     562,     599,     444,     547,    1085,    1122,     967,    1070
    291,     609,     554,     677,     672,    1132,    1077,    1200,    1195
    292,     552,     561,     504,     846,    1075,    1084,    1027,    1369
    293,     559,     837,     807,     493,    1082,    1360,    1330,    1016
    294,     850,     512,     825,     460,    1373,    1035,    1348,     983
    295,     790,     551,     598,     603,    1313,    1074,    1121,    1126
    296,     829,     501,     442,     839,    1352,    1024,     965,    1362
    297,     347,     449,     564,     789,     870,     972,    1087,    1312
    298,     504,     561,     598,     806,    1027,    1084,    1121,    1329
    299,     601,     643,     598,     561,    1124,    1166,    1121,    1084
    300,     641,     549,     595,     811,    1164,    1072,    1118,    1334
    301,     815,     497,     450,     507,    1338,    1020,     973,    1030
    302,     843,     563,     496,     600,    1366,    1086,    1019,    1123
    303,     562,     815,     507,     458,    1085,    1338,    1030,     981
    304,     511,     566,     459,     461,    1034,    1089,     982,     984
    305,     826,     567,     513,     462,    1349,    1090,    1036,     985
    306,     863,     851,     614,     664,    1386,    1374,    1137,    1187
    307,      72,     751,     746,      73,     233,    1274,    1269,     232
    308,      92,     736,     741,      93,     213,    1259,    1264,     212
    309,     628,     573,     629,     784,    1151,    1096,    1152,    1307
    310,     519,     128,     127,     517,    1042,     177,     178,    1040
    311,     524,      48,      47,     521,    1047,     257,     258,    1044
    312,     798,     631,     578,     799,    1321,    1154,    1101,    1322
    313,     583,     582,     633,     632,    1106,    1105,    1156,    1155
    314,     519,     517,     575,     799,    1042,    1040,    1098,    1322
    315,     587,     637,     531,     797,    1110,    1160,    1054,    1320
    316,     466,     525,      32,      31,     989,    1048,     273,     274
    317,     469,     528,     114,     113,     992,    1051,     191,     192
    318,     776,     115,     114,     522,    1299,     190,     191,    1045
    319,     584,     801,     636,     638,    1107,    1324,    1159,    1161
    320,     582,     583,     470,     524,    1105,    1106,     993,    1047
    321,     576,     518,     520,     579,    1099,    1041,    1043,    1102
    322,     469,     532,     638,     528,     992,    1055,    1161,    1051
    323,     587,     466,     468,     527,    1110,     989,     991,    1050
    324,     533,     417,     475,     536,    1056,     940,     998,    1059
    325,     473,     531,     589,     477,     996,    1054,    1112,    1000
    326,     584,     588,     535,     640,    1107,    1111,    1058,    1163
    327,     480,     818,     816,     817,    1003,    1341,    1339,    1340
    328,     594,     487,     540,     823,    1117,    1010,    1063,    1346
    329,     592,     590,     824,     639,    1115,    1113,    1347,    1162
    330,     482,     591,     640,     535,    1005,    1114,    1163,    1058
    331,     819,     533,     640,     591,    1342,    1056,    1163,    1114
    332,     476,     793,     794,     530,     999,    1316,    1317,    1053
    333,     593,     802,     538,     787,    1116,    1325,    1061,    1310
    334,     802,     591,     482,     538,    1325,    1114,    1005,    1061
    335,     639,     537,     478,     592,    1162,    1060,    1001,    1115
    336,     541,     440,     487,     544,    1064,     963,    1010,    1067
    337,     818,     802,     593,     816,    1341,    1325,    1116,    1339
    338,     816,     545,     795,     484,    1339,    1068,    1318,    1007
    339,     600,     496,     546,     443,    1123,    1019,    1069,     966
    340,     490,     808,     497,     547,    1013,    1331,    1020,    1070
    341,     645,     853,     682,     668,    1168,    1376,    1205,    1191
    342,     642,     555,     506,     597,    1165,    1078,    1029,    1120
    343,     838,     660,     641,     662,    1361,    1183,    1164,    1185
    344,     600,     443,     807,     550,    1123,     966,    1330,    1073
    345,     603,     598,     643,     649,    1126,    1121,    1166,    1172
    346,     857,     596,     647,     607,    1380,    1119,    1170,    1130
    347,     857,     607,     552,     553,    1380,    1130,    1075,    1076
    348,     511,     613,     644,     566,    1034,    1136,    1167,    1089
    349,     660,     838,     675,     663,    1183,    1361,    1198,    1186
    350,     650,     669,     678,     670,    1173,    1192,    1201,    1193
    351,     810,     500,     498,     556,    1333,    1023,    1021,    1079
    352,     650,     670,     651,     606,    1173,    1193,    1174,    1129
    353,     669,     650,     603,     649,    1192,    1173,    1126,    1172
    354,     494,     790,     606,     558,    1017,    1313,    1129,    1081
    355,     612,     843,     600,     550,    1135,    1366,    1123,    1073
    356,     848,     847,     648,     608,    1371,    1370,    1171,    1131
    357,     602,     548,     560,     609,    1125,    1071,    1083,    1132
    358,     564,     449,     503,     805,    1087,     972,    1026,    1328
    359,     509,     856,     850,     460,    1032,    1379,    1373,     983
    360,     510,     644,     805,     611,    1033,    1167,    1328,    1134
    361,     509,     612,     565,     856,    1032,    1135,    1088,    1379
    362,     606,     651,     652,     604,    1129,    1174,    1175,    1127
    363,     411,     510,     611,     458,     934,    1033,    1134,     981
    364,     673,     720,     721,     655,    1196,    1243,    1244,    1178
    365,     674,     680,     725,     717,    1197,    1203,    1248,    1240
    366,     571,     125,     124,     791,    1094,     180,     181,    1314
    367,     626,     658,     624,     569,    1149,    1181,    1147,    1092
    368,     119,     118,     628,     623,     186,     187,    1151,    1146
    369,     785,     516,     635,     792,    1308,    1039,    1158,    1315
    370,     515,     571,     784,     634,    1038,    1094,    1307,    1157
    371,     569,     570,     785,     626,    1092,    1093,    1308,    1149
    372,     115,     776,     775,     116,     190,    1299,    1298,     189
    373,     775,     573,     117,     116,    1298,    1096,     188,     189
    374,     577,     658,     626,     630,    1100,    1181,    1149,    1153
    375,     629,     580,     631,     798,    1152,    1103,    1154,    1321
    376,     519,     799,     578,     523,    1042,    1322,    1101,    1046
    377,     635,     516,     518,     576,    1158,    1039,    1041,    1099
    378,     582,     524,     521,     633,    1105,    1047,    1044,    1156
    379,     578,     586,     465,     523,    1101,    1109,     988,    1046
    380,     578,     631,     581,     636,    1101,    1154,    1104,    1159
    381,     587,     797,     579,     786,    1110,    1320,    1102,    1309
    382,     786,     579,     520,     525,    1309,    1102,    1043,    1048
    383,     528,     638,     636,     581,    1051,    1161,    1159,    1104
    384,     630,     792,     635,     633,    1153,    1315,    1158,    1156
    385,     814,     659,     579,     797,    1337,    1182,    1102,    1320
    386,     632,     659,     814,     583,    1155,    1182,    1337,    1106
    387,     533,     536,     584,     640,    1056,    1059,    1107,    1163
    388,     530,     794,     585,     527,    1053,    1317,    1108,    1050
    389,     531,     637,     813,     589,    1054,    1160,    1336,    1112
    390,     586,     801,     529,     526,    1109,    1324,    1052,    1049
    391,     576,     579,     659,     632,    1099,    1102,    1182,    1155
    392,     584,     638,     532,     588,    1107,    1161,    1055,    1111
    393,     813,     840,     639,     824,    1336,    1363,    1162,    1347
    394,     840,     793,     537,     639,    1363,    1316,    1060,    1162
    395,     823,     540,     481,     590,    1346,    1063,    1004,    1113
    396,     594,     592,     478,     539,    1117,    1115,    1001,    1062
    397,     591,     802,     818,     819,    1114,    1325,    1341,    1342
    398,     601,     561,     552,     607,    1124,    1084,    1075,    1130
    399,     555,     642,     646,     596,    1078,    1165,    1169,    1119
    400,     666,     663,     675,     690,    1189,    1186,    1198,    1213
    401,     649,     643,     661,     667,    1172,    1166,    1184,    1190
    402,     610,     564,     805,     827,    1133,    1087,    1328,    1350
    403,     646,     666,     687,     867,    1169,    1189,    1210,    1390
    404,     595,     645,     668,     811,    1118,    1168,    1191,    1334
    405,     595,     602,     609,     645,    1118,    1125,    1132,    1168
    406,     868,     676,     865,     667,    1391,    1199,    1388,    1190
    407,     698,     708,     711,     702,    1221,    1231,    1234,    1225
    408,     865,     669,     649,     667,    1388,    1192,    1172,    1190
    409,     650,     606,     790,     603,    1173,    1129,    1313,    1126
    410,     859,     601,     607,     647,    1382,    1124,    1130,    1170
    411,     856,     565,     614,     850,    1379,    1088,    1137,    1373
    412,     700,     681,     768,     713,    1223,    1204,    1291,    1236
    413,     560,     833,     554,     609,    1083,    1356,    1077,    1132
    414,     503,     599,     611,     805,    1026,    1122,    1134,    1328
    415,     563,     843,     612,     509,    1086,    1366,    1135,    1032
    416,     605,     648,     614,     565,    1128,    1171,    1137,    1088
    417,     677,     842,     654,     697,    1200,    1365,    1177,    1220
    418,     854,     613,     511,     616,    1377,    1136,    1034,    1139
    419,     670,     679,     671,     651,    1193,    1202,    1194,    1174
    420,     841,     655,     617,     567,    1364,    1178,    1140,    1090
    421,     674,     717,     768,     681,    1197,    1240,    1291,    1204
    422,     754,     738,     721,     720,    1277,    1261,    1244,    1243
    423,     760,     736,     739,     725,    1283,    1259,    1262,    1248
    424,     656,     620,     657,     622,    1179,    1143,    1180,    1145
    425,     622,     657,     572,     627,    1145,    1180,    1095,    1150
    426,     573,     628,     118,     117,    1096,    1151,     187,     188
    427,     629,     798,     634,     784,    1152,    1321,    1157,    1307
    428,     657,     658,     577,     572,    1180,    1181,    1100,    1095
    429,     784,     625,     623,     628,    1307,    1148,    1146,    1151
    430,     573,     775,     580,     629,    1096,    1298,    1103,    1152
    431,     633,     521,     577,     630,    1156,    1044,    1100,    1153
    432,     801,     586,     578,     636,    1324,    1109,    1101,    1159
    433,     634,     798,     799,     575,    1157,    1321,    1322,    1098
    434,     662,     835,     849,     838,    1185,    1358,    1372,    1361
    435,     703,     691,     684,     687,    1226,    1214,    1207,    1210
    436,     854,     665,     827,     613,    1377,    1188,    1350,    1136
    437,     688,     836,     668,     682,    1211,    1359,    1191,    1205
    438,     859,     661,     643,     601,    1382,    1184,    1166,    1124
    439,     661,     859,     866,     869,    1184,    1382,    1389,    1392
    440,     605,     837,     608,     648,    1128,    1360,    1131,    1171
    441,     669,     865,     694,     678,    1192,    1388,    1217,    1201
    442,     556,     604,     652,     848,    1079,    1127,    1175,    1371
    443,     831,     693,     683,     728,    1354,    1216,    1206,    1251
    444,     863,     653,     615,     851,    1386,    1176,    1138,    1374
    445,     674,     654,     665,     854,    1197,    1177,    1188,    1377
    446,     673,     655,     841,     730,    1196,    1178,    1364,    1253
    447,     678,     724,     679,     670,    1201,    1247,    1202,    1193
    448,      90,     755,     739,      91,     215,    1278,    1262,     214
    449,     653,     693,     831,     730,    1176,    1216,    1354,    1253
    450,     684,     686,     676,     868,    1207,    1209,    1199,    1391
    451,     855,     699,     688,     704,    1378,    1222,    1211,    1227
    452,     662,     641,     811,     835,    1185,    1164,    1334,    1358
    453,     689,     707,     690,     675,    1212,    1230,    1213,    1198
    454,     664,     847,     848,     652,    1187,    1370,    1371,    1175
    455,     805,     644,     613,     827,    1328,    1167,    1136,    1350
    456,     610,     827,     665,     834,    1133,    1350,    1188,    1357
    457,     684,     866,     867,     687,    1207,    1389,    1390,    1210
    458,     676,     686,     694,     865,    1199,    1209,    1217,    1388
    459,     861,     652,     651,     671,    1384,    1175,    1174,    1194
    460,     652,     861,     863,     664,    1175,    1384,    1386,    1187
    461,     732,     704,     729,     766,    1255,    1227,    1252,    1289
    462,     685,     853,     672,     677,    1208,    1376,    1195,    1200
    463,     841,     615,     653,     730,    1364,    1138,    1176,    1253
    464,     717,     755,     750,     768,    1240,    1278,    1273,    1291
    465,     680,     674,     854,     616,    1203,    1197,    1377,    1139
    466,     703,     710,     701,     691,    1226,    1233,    1224,    1214
    467,     690,     707,     710,     703,    1213,    1230,    1233,    1226
    468,     849,     689,     675,     838,    1372,    1212,    1198,    1361
    469,     698,     686,     684,     691,    1221,    1209,    1207,    1214
    470,     554,     834,     842,     677,    1077,    1357,    1365,    1200
    471,      76,     752,     742,      77,     229,    1275,    1265,     228
    472,     774,     759,     757,     767,    1297,    1282,    1280,    1290
    473,     697,     654,     674,     681,    1220,    1177,    1197,    1204
    474,     704,     688,     682,     696,    1227,    1211,    1205,    1219
    475,     689,     849,     695,     705,    1212,    1372,    1218,    1228
    476,     765,     762,     748,     746,    1288,    1285,    1271,    1269
    477,     716,     710,     707,     709,    1239,    1233,    1230,    1232
    478,     862,     858,     700,     729,    1385,    1381,    1223,    1252
    479,     704,     696,     862,     729,    1227,    1219,    1385,    1252
    480,     770,     709,     705,     714,    1293,    1232,    1228,    1237
    481,     694,     686,     698,     702,    1217,    1209,    1221,    1225
    482,     703,     687,     666,     690,    1226,    1210,    1189,    1213
    483,     836,     695,     849,     835,    1359,    1218,    1372,    1358
    484,     704,     732,     706,     855,    1227,    1255,    1229,    1378
    485,     714,     705,     695,     699,    1237,    1228,    1218,    1222
    486,     734,     701,     710,     716,    1257,    1224,    1233,    1239
    487,     757,     723,     764,     767,    1280,    1246,    1287,    1290
    488,     653,     863,     861,     693,    1176,    1386,    1384,    1216
    489,     730,     812,     720,     673,    1253,    1335,    1243,    1196
    490,     733,     764,     723,     711,    1256,    1287,    1246,    1234
    491,     706,     753,     737,     769,    1229,    1276,    1260,    1292
    492,     836,     688,     699,     695,    1359,    1211,    1222,    1218
    493,     773,     732,     766,     749,    1296,    1255,    1289,    1272
    494,     682,     853,     685,     696,    1205,    1376,    1208,    1219
    495,     677,     697,     858,     685,    1200,    1220,    1381,    1208
    496,     712,     733,     711,     708,    1235,    1256,    1234,    1231
    497,      87,     749,     747,      88,     218,    1272,    1270,     217
    498,     729,     700,     713,     766,    1252,    1223,    1236,    1289
    499,     858,     697,     681,     700,    1381,    1220,    1204,    1223
    500,     734,     783,     763,     712,    1257,    1306,    1286,    1235
    501,     708,     698,     691,     701,    1231,    1221,    1214,    1224
    502,     711,     723,     719,     702,    1234,    1246,    1242,    1225
    503,     744,     716,     709,     743,    1267,    1239,    1232,    1266
    504,     770,     745,     743,     709,    1293,    1268,    1266,    1232
    505,      84,     737,     753,      85,     221,    1260,    1276,     220
    506,     689,     705,     709,     707,    1212,    1228,    1232,    1230
    507,     712,     763,     772,     733,    1235,    1286,    1295,    1256
    508,     766,     713,     747,     749,    1289,    1236,    1270,    1272
    509,      83,     745,     737,      84,     222,    1268,    1260,     221
    510,     708,     701,     734,     712,    1231,    1224,    1257,    1235
    511,     719,     860,     694,     702,    1242,    1383,    1217,    1225
    512,     764,     733,     772,     742,    1287,    1256,    1295,    1265
    513,      88,     747,     750,      89,     217,    1270,    1273,     216
    514,     769,     737,     745,     770,    1292,    1260,    1268,    1293
    515,     714,     699,     855,     706,    1237,    1222,    1378,    1229
    516,     464,     727,     731,     758,     987,    1250,    1254,    1281
    517,     464,     758,     715,     514,     987,    1281,    1238,    1037
    518,     783,     734,     716,     744,    1306,    1257,    1239,    1267
    519,      91,     739,     736,      92,     214,    1262,    1259,     213
    520,     754,      71,      70,     738,    1277,     234,     235,    1261
    521,     728,     683,     692,     759,    1251,    1206,    1215,    1282
    522,     761,     617,     655,     721,    1284,    1140,    1178,    1244
    523,     746,     751,     812,     765,    1269,    1274,    1335,    1288
    524,     735,     718,     617,     761,    1258,    1241,    1140,    1284
    525,      70,      69,     735,     738,     235,     236,    1258,    1261
    526,      68,     740,     735,      69,     237,    1263,    1258,     236
    527,     864,     719,     723,     757,    1387,    1242,    1246,    1280
    528,     864,     692,     679,     724,    1387,    1215,    1202,    1247
    529,     692,     864,     757,     759,    1215,    1387,    1280,    1282
    530,      67,     781,     740,      68,     238,    1304,    1263,     237
    531,      73,     746,     748,      74,     232,    1269,    1271,     231
    532,     782,     771,     758,     731,    1305,    1294,    1281,    1254
    533,     773,     753,     706,     732,    1296,    1276,    1229,    1255
    534,     783,      80,      79,     763,    1306,     225,     226,    1286
    535,     743,      82,      81,     744,    1266,     223,     224,    1267
    536,     735,     740,     722,     718,    1258,    1263,    1245,    1241
    537,     741,     771,      94,      93,    1264,    1294,     211,     212
    538,     715,     741,     736,     760,    1238,    1264,    1259,    1283
    539,     773,      86,      85,     753,    1296,     219,     220,    1276
    540,     751,      72,      71,     754,    1274,     233,     234,    1277
    541,     755,     717,     725,     739,    1278,    1240,    1248,    1262
    542,     772,      78,      77,     742,    1295,     227,     228,    1265
    543,     745,      83,      82,     743,    1268,     222,     223,    1266
    544,     756,      75,      74,     748,    1279,     230,     231,    1271
    545,     755,      90,      89,     750,    1278,     215,     216,    1273
    546,     752,      76,      75,     756,    1275,     229,     230,    1279
    547,     756,     748,     762,     774,    1279,    1271,    1285,    1297
    548,     768,     750,     747,     713,    1291,    1273,    1270,    1236
    549,     774,     762,     728,     759,    1297,    1285,    1251,    1282
    550,     765,     831,     728,     762,    1288,    1354,    1251,    1285
    551,     767,     764,     742,     752,    1290,    1287,    1265,    1275
    552,     831,     765,     812,     730,    1354,    1288,    1335,    1253
    553,     774,     767,     752,     756,    1297,    1290,    1275,    1279
    554,     770,     714,     706,     769,    1293,    1237,    1229,    1292
    555,     782,      95,      94,     771,    1305,     210,     211,    1294
    556,     763,      79,      78,     772,    1286,     226,     227,    1295
    557,     749,      87,      86,     773,    1272,     218,     219,    1296
    558,      27,     778,     777,      28,     278,    1301,    1300,     277
    559,     744,      81,      80,     783,    1267,     224,     225,    1306
    560,     571,     791,     625,     784,    1094,    1314,    1148,    1307
    561,     630,     626,     785,     792,    1153,    1149,    1308,    1315
    562,     807,     443,     788,     493,    1330,     966,    1311,    1016
    563,     637,     585,     794,     813,    1160,    1108,    1317,    1336
    564,     793,     840,     813,     794,    1316,    1363,    1336,    1317
    565,     432,     430,     484,     795,     955,     953,    1007,    1318
    566,     473,     814,     797,     531,     996,    1337,    1320,    1054
    567,     353,     352,     382,     800,     876,     875,     905,    1323
    568,     381,     821,     803,     804,     904,    1344,    1326,    1327
    569,     804,     803,     351,     348,    1327,    1326,     874,     871
    570,     605,     550,     807,     837,    1128,    1073,    1330,    1360
    571,     496,     822,     541,     809,    1019,    1345,    1064,    1332
    572,     458,     611,     599,     562,     981,    1134,    1122,    1085
    573,     751,     754,     720,     812,    1274,    1277,    1243,    1335
    574,     534,     589,     813,     824,    1057,    1112,    1336,    1347
    575,     814,     473,     470,     583,    1337,     996,     993,    1106
    576,     817,     796,     420,     480,    1340,    1319,     943,    1003
    577,     832,     453,     820,     828,    1355,     976,    1343,    1351
    578,     435,     829,     839,     498,     958,    1352,    1362,    1021
    579,     512,     826,     462,     825,    1035,    1349,     985,    1348
    580,     615,     841,     567,     826,    1138,    1364,    1090,    1349
    581,     832,     828,     452,     502,    1355,    1351,     975,    1025
    582,     830,     556,     498,     839,    1353,    1079,    1021,    1362
    583,     442,     557,     830,     839,     965,    1080,    1353,    1362
    584,     836,     835,     811,     668,    1359,    1358,    1334,    1191
    585,     608,     810,     556,     848,    1131,    1333,    1079,    1371
    586,     818,     480,     533,     819,    1341,    1003,    1056,    1342
    587,     834,     665,     654,     842,    1357,    1188,    1177,    1365
    588,     499,     844,     438,     398,    1022,    1367,     961,     921
    589,     393,     392,     395,     845,     916,     915,     918,    1368
    590,     438,     846,     845,     395,     961,    1369,    1368,     918
    591,     614,     851,     512,     850,    1137,    1374,    1035,    1373
    592,     696,     685,     858,     862,    1219,    1208,    1381,    1385
    593,     724,     678,     694,     860,    1247,    1201,    1217,    1383
    594,     671,     683,     693,     861,    1194,    1206,    1216,    1384
    595,     864,     724,     860,     719,    1387,    1247,    1383,    1242
    596,     667,     661,     869,     868,    1190,    1184,    1392,    1391
    597,     684,     868,     869,     866,    1207,    1391,    1392,    1389
    598,     647,     867,     866,     859,    1170,    1390,    1389,    1382
    599,      41,    1394,    1443,      40,     264,    1762,    1811,     265
    600,    1703,    1397,     321,      18,    2071,    1765,     334,      19
    601,      32,    1400,    1402,      31,     273,    1768,    1770,     274
    602,     319,     318,    1398,    1399,     336,     337,    1766,    1767
    603,    1708,    1415,     320,    1414,    2076,    1783,     335,    1782
    604,    1399,    1414,     320,     319,    1767,    1782,     335,     336
    605,    1398,    1445,    1476,    1417,    1766,    1813,    1844,    1785
    606,     132,    1403,    1401,     131,     173,    1771,    1769,     174
    607,    1403,    1405,    1433,    1431,    1771,    1773,    1801,    1799
    608,     318,     317,    1445,    1398,     337,     338,    1813,    1766
    609,      21,    1700,     164,       1,     284,    2068,     285,      14
    610,    1652,    1643,    1612,    1625,    2020,    2011,    1980,    1993
    611,    1707,    1547,    1579,    1577,    2075,    1915,    1947,    1945
    612,    1719,    1471,    1436,    1502,    2087,    1839,    1804,    1870
    613,    1587,    1597,    1601,    1586,    1955,    1965,    1969,    1954
    614,      28,    1408,    1410,      27,     277,    1776,    1778,     278
    615,      29,    1406,    1408,      28,     276,    1774,    1776,     277
    616,      30,    1404,    1406,      29,     275,    1772,    1774,     276
    617,    1404,      30,      31,    1402,    1772,     275,     274,    1770
    618,      33,    1426,    1400,      32,     272,    1794,    1768,     273
    619,    1449,    1712,    1397,    1703,    1817,    2080,    1765,    2071
    620,     323,     322,    1413,    1412,     332,     333,    1781,    1780
    621,    1442,    1479,    1437,    1411,    1810,    1847,    1805,    1779
    622,    1656,     158,       8,     159,    2024,     291,      15,     290
    623,    1622,    1648,    1676,    1671,    1990,    2016,    2044,    2039
    624,    1608,    1598,    1585,    1595,    1976,    1966,    1953,    1963
    625,    1706,    1559,    1547,    1707,    2074,    1927,    1915,    2075
    626,      22,    1643,    1700,      21,     283,    2011,    2068,     284
    627,    1657,     146,       7,     147,    2025,     303,      16,     302
    628,    1641,    1649,    1623,    1744,    2009,    2017,    1991,    2112
    629,    1561,    1470,    1409,    1558,    1929,    1838,    1777,    1926
    630,    1460,    1458,    1423,    1425,    1828,    1826,    1791,    1793
    631,    1431,    1429,    1401,    1403,    1799,    1797,    1769,    1771
    632,    1528,    1532,    1515,    1537,    1896,    1900,    1883,    1905
    633,    1718,    1414,    1399,    1446,    2086,    1782,    1767,    1814
    634,    1404,    1430,    1432,    1406,    1772,    1798,    1800,    1774
    635,    1427,    1462,    1465,    1430,    1795,    1830,    1833,    1798
    636,    1675,    1676,    1648,    1666,    2043,    2044,    2016,    2034
    637,    1692,     157,     158,    1656,    2060,     292,     291,    2024
    638,    1633,     140,       6,     141,    2001,     165,       9,     308
    639,    1630,    1633,    1664,    1668,    1998,    2001,    2032,    2036
    640,    1603,    1593,    1576,    1580,    1971,    1961,    1944,    1948
    641,    1433,    1435,    1503,    1468,    1801,    1803,    1871,    1836
    642,    1626,    1738,    1641,    1744,    1994,    2106,    2009,    2112
    643,    1659,     145,     146,    1657,    2027,     304,     303,    2025
    644,    1393,     309,       5,     121,    1761,     346,      10,     184
    645,     121,     122,    1444,    1393,     184,     183,    1812,    1761
    646,     123,    1448,    1444,     122,     182,    1816,    1812,     183
    647,    1450,    1474,    1448,    1418,    1818,    1842,    1816,    1786
    648,     125,    1419,    1418,     124,     180,    1787,    1786,     181
    649,    1419,     125,     126,    1420,    1787,     180,     179,    1788
    650,    1527,    1473,    1716,    1724,    1895,    1841,    2084,    2092
    651,    1421,     127,     128,    1423,    1789,     178,     177,    1791
    652,     130,    1428,    1425,     129,     175,    1796,    1793,     176
    653,    1428,     130,     131,    1401,    1796,     175,     174,    1769
    654,     133,    1405,    1403,     132,     172,    1773,    1771,     173
    655,     134,    1407,    1405,     133,     171,    1775,    1773,     172
    656,     134,     135,    1409,    1407,     171,     170,    1777,    1775
    657,     136,    1558,    1409,     135,     169,    1926,    1777,     170
    658,    1470,    1561,    1580,    1548,    1838,    1929,    1948,    1916
    659,    1640,    1624,    1630,    1668,    2008,    1992,    1998,    2036
    660,    1475,     316,      17,    1441,    1843,     339,      20,    1809
    661,     315,    1704,    1441,      17,     340,    2072,    1809,      20
    662,    1714,    1473,    1527,    1506,    2082,    1841,    1895,    1874
    663,    1472,    1440,     313,     312,    1840,    1808,     342,     343
    664,     309,    1393,    1525,     310,     346,    1761,    1893,     345
    665,    1525,    1701,     311,     310,    1893,    2069,     344,     345
    666,    1394,      41,       2,     327,    1762,     264,      13,     328
    667,     327,     326,    1395,    1394,     328,     329,    1763,    1762
    668,    1702,    1395,     326,     325,    2070,    1763,     329,     330
    669,    1411,    1437,    1395,    1702,    1779,    1805,    1763,    2070
    670,    1412,    1396,     324,     323,    1780,    1764,     331,     332
    671,    1480,      38,      39,    1477,    1848,     267,     266,    1845
    672,    1412,    1413,    1438,    1711,    1780,    1781,    1806,    2079
    673,     325,     324,    1396,    1702,     330,     331,    1764,    2070
    674,    1710,    1411,    1702,    1396,    2078,    1779,    2070,    1764
    675,      36,    1454,    1422,      35,     269,    1822,    1790,     270
    676,    1397,    1413,     322,     321,    1765,    1781,     333,     334
    677,    1424,      34,      35,    1422,    1792,     271,     270,    1790
    678,    1703,      18,     320,    1415,    2071,      19,     335,    1783
    679,    1467,    1432,    1430,    1465,    1835,    1800,    1798,    1833
    680,    1427,    1430,    1404,    1402,    1795,    1798,    1772,    1770
    681,    1466,    1464,    1429,    1431,    1834,    1832,    1797,    1799
    682,    1493,    1459,    1457,    1490,    1861,    1827,    1825,    1858
    683,    1429,    1463,    1428,    1401,    1797,    1831,    1796,    1769
    684,    1410,    1556,      26,      27,    1778,    1924,     279,     278
    685,    1415,    1708,    1487,    1713,    1783,    2076,    1855,    2081
    686,    1705,      25,      26,    1556,    2073,     280,     279,    1924
    687,    1560,    1546,    1548,    1735,    1928,    1914,    1916,    2103
    688,    1706,    1705,    1471,    1559,    2074,    2073,    1839,    1927
    689,    1503,    1524,    1500,    1468,    1871,    1892,    1868,    1836
    690,    1407,    1409,    1470,    1435,    1775,    1777,    1838,    1803
    691,    1557,    1545,    1719,    1502,    1925,    1913,    2087,    1870
    692,    1436,    1469,    1523,    1502,    1804,    1837,    1891,    1870
    693,    1443,    1437,    1479,    1477,    1811,    1805,    1847,    1845
    694,    1454,      36,      37,    1452,    1822,     269,     268,    1820
    695,    1394,    1395,    1437,    1443,    1762,    1763,    1805,    1811
    696,    1414,    1718,    1487,    1708,    1782,    2086,    1855,    2076
    697,    1461,    1427,    1402,    1400,    1829,    1795,    1770,    1768
    698,    1451,    1413,    1397,    1712,    1819,    1781,    1765,    2080
    699,    1451,    1720,    1438,    1413,    1819,    2088,    1806,    1781
    700,    1420,     126,     127,    1421,    1788,     179,     178,    1789
    701,    1445,     317,     316,    1416,    1813,     338,     339,    1784
    702,    1455,    1453,    1419,    1420,    1823,    1821,    1787,    1788
    703,     314,     313,    1440,    1439,     341,     342,    1808,    1807
    704,    1393,    1444,    1709,    1525,    1761,    1812,    2077,    1893
    705,    1542,    1520,    1499,    1496,    1910,    1888,    1867,    1864
    706,    1446,    1399,    1398,    1417,    1814,    1767,    1766,    1785
    707,    1448,     123,     124,    1418,    1816,     182,     181,    1786
    708,    1716,    1439,    1440,    1472,    2084,    1807,    1808,    1840
    709,    1504,    1715,    1709,    1474,    1872,    2083,    2077,    1842
    710,    1476,    1445,    1416,    1484,    1844,    1813,    1784,    1852
    711,     129,    1425,    1423,     128,     176,    1793,    1791,     177
    712,    1426,      33,      34,    1424,    1794,     272,     271,    1792
    713,    1509,    1486,    1489,    1722,    1877,    1854,    1857,    2090
    714,    1721,    1720,    1451,    1482,    2089,    2088,    1819,    1850
    715,    1458,    1456,    1421,    1423,    1826,    1824,    1789,    1791
    716,    1459,    1461,    1400,    1426,    1827,    1829,    1768,    1794
    717,    1432,    1434,    1408,    1406,    1800,    1802,    1776,    1774
    718,    1511,    1536,    1535,    1508,    1879,    1904,    1903,    1876
    719,    1486,    1483,    1453,    1455,    1854,    1851,    1821,    1823
    720,    1494,    1463,    1429,    1497,    1862,    1831,    1797,    1865
    721,    1556,    1410,    1408,    1436,    1924,    1778,    1776,    1804
    722,    1499,    1465,    1462,    1496,    1867,    1833,    1830,    1864
    723,    1466,    1728,    1498,    1464,    1834,    2096,    1866,    1832
    724,    1435,    1433,    1405,    1407,    1803,    1801,    1773,    1775
    725,    1436,    1408,    1434,    1469,    1804,    1776,    1802,    1837
    726,    1468,    1466,    1431,    1433,    1836,    1834,    1799,    1801
    727,    1713,    1487,    1530,    1717,    2081,    1855,    1898,    2085
    728,    1503,    1548,    1546,    1524,    1871,    1916,    1914,    1892
    729,    1583,    1544,    1523,    1501,    1951,    1912,    1891,    1869
    730,      38,    1480,    1452,      37,     267,    1848,    1820,     268
    731,    1481,    1507,    1727,    1725,    1849,    1875,    2095,    2093
    732,    1704,     315,     314,    1439,    2072,     340,     341,    1807
    733,    1716,    1473,    1704,    1439,    2084,    1841,    2072,    1807
    734,    1715,    1701,    1525,    1709,    2083,    2069,    1893,    2077
    735,    1416,     316,    1475,    1447,    1784,     339,    1843,    1815
    736,    1475,    1441,    1714,    1506,    1843,    1809,    2082,    1874
    737,    1442,    1411,    1710,    1727,    1810,    1779,    2078,    2095
    738,    1507,    1480,    1477,    1479,    1875,    1848,    1845,    1847
    739,    1472,     312,     311,    1701,    1840,     343,     344,    2069
    740,    1477,      39,      40,    1443,    1845,     266,     265,    1811
    741,    1718,    1446,    1417,    1513,    2086,    1814,    1785,    1881
    742,    1456,    1455,    1420,    1421,    1824,    1823,    1788,    1789
    743,    1713,    1449,    1703,    1415,    2081,    1817,    2071,    1783
    744,    1488,    1457,    1424,    1422,    1856,    1825,    1792,    1790
    745,    1418,    1419,    1453,    1450,    1786,    1787,    1821,    1818
    746,    1534,    1510,    1482,    1508,    1902,    1878,    1850,    1876
    747,    1438,    1720,    1721,    1481,    1806,    2088,    2089,    1849
    748,    1532,    1505,    1526,    1509,    1900,    1873,    1894,    1877
    749,    1533,    1507,    1481,    1510,    1901,    1875,    1849,    1878
    750,    1457,    1459,    1426,    1424,    1825,    1827,    1794,    1792
    751,    1463,    1460,    1425,    1428,    1831,    1828,    1793,    1796
    752,    1723,    1478,    1717,    1511,    2091,    1846,    2085,    1879
    753,    1491,    1489,    1456,    1458,    1859,    1857,    1824,    1826
    754,    1461,    1495,    1462,    1427,    1829,    1863,    1830,    1795
    755,    1469,    1434,    1432,    1467,    1837,    1802,    1800,    1835
    756,    1491,    1458,    1460,    1492,    1859,    1826,    1828,    1860
    757,    1737,    1540,    1518,    1521,    2105,    1908,    1886,    1889
    758,    1522,    1740,    1739,    1594,    1890,    2108,    2107,    1962
    759,    1435,    1470,    1548,    1503,    1803,    1838,    1916,    1871
    760,    1707,    1577,    1602,    1591,    2075,    1945,    1970,    1959
    761,    1473,    1714,    1441,    1704,    1841,    2082,    1809,    2072
    762,    1474,    1709,    1444,    1448,    1842,    2077,    1812,    1816
    763,    1416,    1447,    1528,    1484,    1784,    1815,    1896,    1852
    764,    1505,    1506,    1527,    1526,    1873,    1874,    1895,    1894
    765,    1499,    1501,    1467,    1465,    1867,    1869,    1835,    1833
    766,    1449,    1713,    1717,    1478,    1817,    2081,    2085,    1846
    767,    1712,    1449,    1478,    1451,    2080,    1817,    1846,    1819
    768,    1480,    1507,    1533,    1452,    1848,    1875,    1901,    1820
    769,    1711,    1438,    1481,    1725,    2079,    1806,    1849,    2093
    770,    1452,    1533,    1485,    1454,    1820,    1901,    1853,    1822
    771,    1511,    1508,    1482,    1723,    1879,    1876,    1850,    2091
    772,    1529,    1450,    1453,    1483,    1897,    1818,    1821,    1851
    773,    1486,    1455,    1456,    1489,    1854,    1823,    1824,    1857
    774,    1454,    1485,    1488,    1422,    1822,    1853,    1856,    1790
    775,    1447,    1475,    1506,    1505,    1815,    1843,    1874,    1873
    776,    1513,    1417,    1476,    1531,    1881,    1785,    1844,    1899
    777,    1488,    1514,    1490,    1457,    1856,    1882,    1858,    1825
    778,    1481,    1721,    1482,    1510,    1849,    2089,    1850,    1878
    779,    1495,    1461,    1459,    1493,    1863,    1829,    1827,    1861
    780,    1463,    1494,    1492,    1460,    1831,    1862,    1860,    1828
    781,    1531,    1476,    1484,    1512,    1899,    1844,    1852,    1880
    782,    1515,    1491,    1492,    1516,    1883,    1859,    1860,    1884
    783,    1496,    1462,    1495,    1519,    1864,    1830,    1863,    1887
    784,    1523,    1469,    1467,    1501,    1891,    1837,    1835,    1869
    785,    1565,    1543,    1499,    1520,    1933,    1911,    1867,    1888
    786,    1516,    1492,    1494,    1518,    1884,    1860,    1862,    1886
    787,    1498,    1497,    1429,    1464,    1866,    1865,    1797,    1832
    788,    1753,    1588,    1735,    1576,    2121,    1956,    2103,    1944
    789,    1466,    1468,    1500,    1728,    1834,    1836,    1868,    2096
    790,    1546,    1560,    1739,    1524,    1914,    1928,    2107,    1892
    791,    1436,    1471,    1705,    1556,    1804,    1839,    2073,    1924
    792,    1592,    1567,    1731,    1589,    1960,    1935,    2099,    1957
    793,    1576,    1593,    1604,    1753,    1944,    1961,    1972,    2121
    794,    1474,    1450,    1529,    1504,    1842,    1818,    1897,    1872
    795,    1555,    1512,    1484,    1528,    1923,    1880,    1852,    1896
    796,    1529,    1483,    1526,    1726,    1897,    1851,    1894,    2094
    797,    1723,    1482,    1451,    1478,    2091,    1850,    1819,    1846
    798,    1485,    1533,    1510,    1534,    1853,    1901,    1878,    1902
    799,    1526,    1483,    1486,    1509,    1894,    1851,    1854,    1877
    800,    1534,    1514,    1488,    1485,    1902,    1882,    1856,    1853
    801,    1552,    1511,    1717,    1530,    1920,    1879,    2085,    1898
    802,    1531,    1553,    1530,    1513,    1899,    1921,    1898,    1881
    803,    1489,    1491,    1515,    1722,    1857,    1859,    1883,    2090
    804,    1536,    1568,    1539,    1535,    1904,    1936,    1907,    1903
    805,    1734,    1552,    1530,    1553,    2102,    1920,    1898,    1921
    806,    1490,    1514,    1535,    1539,    1858,    1882,    1903,    1907
    807,    1563,    1549,    1512,    1555,    1931,    1917,    1880,    1923
    808,    1538,    1537,    1515,    1516,    1906,    1905,    1883,    1884
    809,    1541,    1519,    1495,    1517,    1909,    1887,    1863,    1885
    810,    1517,    1495,    1493,    1752,    1885,    1863,    1861,    2120
    811,    1566,    1563,    1555,    1550,    1934,    1931,    1923,    1918
    812,    1521,    1518,    1494,    1497,    1889,    1886,    1862,    1865
    813,    1581,    1521,    1497,    1498,    1949,    1889,    1865,    1866
    814,    1541,    1542,    1496,    1519,    1909,    1910,    1864,    1887
    815,    1583,    1501,    1499,    1543,    1951,    1869,    1867,    1911
    816,    1538,    1516,    1518,    1540,    1906,    1884,    1886,    1908
    817,    1618,    1597,    1617,    1607,    1986,    1965,    1985,    1975
    818,    1500,    1740,    1522,    1728,    1868,    2108,    1890,    2096
    819,    1557,    1544,    1585,    1732,    1925,    1912,    1953,    2100
    820,    1545,    1579,    1547,    1719,    1913,    1947,    1915,    2087
    821,    1732,    1585,    1598,    1578,    2100,    1953,    1966,    1946
    822,    1604,    1593,    1613,    1616,    1972,    1961,    1981,    1984
    823,    1504,    1529,    1726,    1724,    1872,    1897,    2094,    2092
    824,    1526,    1527,    1724,    1726,    1894,    1895,    2092,    2094
    825,    1532,    1528,    1447,    1505,    1900,    1896,    1815,    1873
    826,    1538,    1555,    1528,    1537,    1906,    1923,    1896,    1905
    827,    1718,    1513,    1530,    1487,    2086,    1881,    1898,    1855
    828,    1551,    1562,    1542,    1541,    1919,    1930,    1910,    1909
    829,    1570,    1736,    1564,    1569,    1938,    2104,    1932,    1937
    830,    1515,    1532,    1509,    1722,    1883,    1900,    1877,    2090
    831,    1508,    1535,    1514,    1534,    1876,    1903,    1882,    1902
    832,    1551,    1541,    1517,    1743,    1919,    1909,    1885,    2111
    833,    1552,    1729,    1536,    1511,    1920,    2097,    1904,    1879
    834,    1564,    1531,    1512,    1549,    1932,    1899,    1880,    1917
    835,    1562,    1554,    1520,    1542,    1930,    1922,    1888,    1910
    836,    1520,    1554,    1572,    1565,    1888,    1922,    1940,    1933
    837,    1760,    1601,    1597,    1618,    2128,    1969,    1965,    1986
    838,    1549,    1563,    1569,    1564,    1917,    1931,    1937,    1932
    839,    1544,    1557,    1502,    1523,    1912,    1925,    1870,    1891
    840,    1543,    1565,    1754,    1575,    1911,    1933,    2122,    1943
    841,    1567,    1592,    1577,    1579,    1935,    1960,    1945,    1947
    842,    1599,    1605,    1592,    1589,    1967,    1973,    1960,    1957
    843,    1668,    1664,    1658,    1670,    2036,    2032,    2026,    2038
    844,     138,     139,    1630,    1631,     167,     166,    1998,    1999
    845,    1471,    1719,    1547,    1559,    1839,    2087,    1915,    1927
    846,      24,    1591,    1612,      23,     281,    1959,    1980,     282
    847,    1735,    1548,    1580,    1576,    2103,    1916,    1948,    1944
    848,    1580,    1561,    1558,    1582,    1948,    1929,    1926,    1950
    849,    1550,    1540,    1737,    1566,    1918,    1908,    2105,    1934
    850,    1550,    1555,    1538,    1540,    1918,    1923,    1906,    1908
    851,    1536,    1729,    1742,    1568,    1904,    2097,    2110,    1936
    852,    1551,    1729,    1552,    1562,    1919,    2097,    1920,    1930
    853,    1736,    1553,    1531,    1564,    2104,    1921,    1899,    1932
    854,      24,      25,    1705,    1706,     281,     280,    2073,    2074
    855,    1595,    1585,    1544,    1583,    1963,    1953,    1912,    1951
    856,    1605,    1602,    1577,    1592,    1973,    1970,    1945,    1960
    857,    1601,    1584,    1750,    1586,    1969,    1952,    2118,    1954
    858,    1617,    1756,    1628,    1619,    1985,    2124,    1996,    1987
    859,    1580,    1582,    1631,    1603,    1948,    1950,    1999,    1971
    860,     137,    1582,    1558,     136,     168,    1950,    1926,     169
    861,    1554,    1562,    1552,    1734,    1922,    1930,    1920,    2102
    862,    1553,    1736,    1570,    1734,    1921,    2104,    1938,    2102
    863,    1734,    1570,    1572,    1554,    2102,    1938,    1940,    1922
    864,    1566,    1741,    1569,    1563,    1934,    2109,    1937,    1931
    865,    1746,    1566,    1737,    1571,    2114,    1934,    2105,    1939
    866,    1679,    1635,    1621,    1671,    2047,    2003,    1989,    2039
    867,    1749,    1568,    1742,    1743,    2117,    1936,    2110,    2111
    868,    1571,    1737,    1521,    1581,    1939,    2105,    1889,    1949
    869,    1754,    1565,    1572,    1573,    2122,    1933,    1940,    1941
    870,    1584,    1754,    1573,    1574,    1952,    2122,    1941,    1942
    871,    1581,    1587,    1586,    1571,    1949,    1955,    1954,    1939
    872,    1741,    1566,    1746,    1574,    2109,    1934,    2114,    1942
    873,    1590,    1731,    1732,    1578,    1958,    2099,    2100,    1946
    874,    1574,    1573,    1569,    1741,    1942,    1941,    1937,    2109
    875,    1606,    1560,    1735,    1588,    1974,    1928,    2103,    1956
    876,    1624,    1613,    1593,    1603,    1992,    1981,    1961,    1971
    877,      24,    1706,    1707,    1591,     281,    2074,    2075,    1959
    878,    1605,    1733,    1627,    1614,    1973,    2101,    1995,    1982
    879,    1611,    1589,    1731,    1590,    1979,    1957,    2099,    1958
    880,    1596,    1760,    1632,    1608,    1964,    2128,    2000,    1976
    881,    1731,    1567,    1579,    1545,    2099,    1935,    1947,    1913
    882,     138,    1631,    1582,     137,     167,    1999,    1950,     168
    883,    1728,    1522,    1581,    1498,    2096,    1890,    1949,    1866
    884,    1586,    1750,    1746,    1571,    1954,    2118,    2114,    1939
    885,    1595,    1583,    1543,    1575,    1963,    1951,    1911,    1943
    886,    1608,    1595,    1575,    1596,    1976,    1963,    1943,    1964
    887,    1757,    1590,    1578,    1600,    2125,    1958,    1946,    1968
    888,    1581,    1522,    1594,    1587,    1949,    1890,    1962,    1955
    889,    1594,    1739,    1560,    1755,    1962,    2107,    1928,    2123
    890,    1604,    1616,    1615,    1753,    1972,    1984,    1983,    2121
    891,    1611,    1745,    1599,    1589,    1979,    2113,    1967,    1957
    892,    1622,    1611,    1590,    1757,    1990,    1979,    1958,    2125
    893,    1625,    1612,    1591,    1602,    1993,    1980,    1959,    1970
    894,    1624,    1640,    1626,    1613,    1992,    2008,    1994,    1981
    895,    1755,    1756,    1617,    1594,    2123,    2124,    1985,    1962
    896,    1575,    1754,    1584,    1596,    1943,    2122,    1952,    1964
    897,    1632,    1629,    1609,    1608,    2000,    1997,    1977,    1976
    898,    1615,    1628,    1756,    1606,    1983,    1996,    2124,    1974
    899,    1617,    1597,    1587,    1594,    1985,    1965,    1955,    1962
    900,    1598,    1608,    1609,    1758,    1966,    1976,    1977,    2126
    901,    1748,    1610,    1733,    1745,    2116,    1978,    2101,    2113
    902,    1617,    1619,    1620,    1607,    1985,    1987,    1988,    1975
    903,    1758,    1600,    1578,    1598,    2126,    1968,    1946,    1966
    904,    1760,    1596,    1584,    1601,    2128,    1964,    1952,    1969
    905,    1605,    1614,    1625,    1602,    1973,    1982,    1993,    1970
    906,    1652,    1625,    1614,    1638,    2020,    1993,    1982,    2006
    907,    1603,    1631,    1630,    1624,    1971,    1999,    1998,    1992
    908,    1753,    1615,    1606,    1588,    2121,    1983,    1974,    1956
    909,    1651,    1650,    1641,    1738,    2019,    2018,    2009,    2106
    910,    1647,    1637,    1610,    1635,    2015,    2005,    1978,    2003
    911,    1645,    1644,    1673,    1665,    2013,    2012,    2041,    2033
    912,    1609,    1759,    1600,    1758,    1977,    2127,    1968,    2126
    913,    1642,    1672,    1673,    1654,    2010,    2040,    2041,    2022
    914,    1660,    1653,    1647,    1684,    2028,    2021,    2015,    2052
    915,    1610,    1748,    1621,    1635,    1978,    2116,    1989,    2003
    916,    1622,    1671,    1621,    1611,    1990,    2039,    1989,    1979
    917,    1759,    1622,    1757,    1600,    2127,    1990,    2125,    1968
    918,    1643,      22,      23,    1612,    2011,     283,     282,    1980
    919,    1640,    1651,    1738,    1626,    2008,    2019,    2106,    1994
    920,    1653,    1638,    1614,    1627,    2021,    2006,    1982,    1995
    921,    1691,    1678,    1655,    1659,    2059,    2046,    2023,    2027
    922,    1744,    1623,    1615,    1616,    2112,    1991,    1983,    1984
    923,    1677,    1649,    1641,    1669,    2045,    2017,    2009,    2037
    924,    1642,    1654,    1619,    1628,    2010,    2022,    1987,    1996
    925,    1645,    1636,    1634,    1644,    2013,    2004,    2002,    2012
    926,    1632,    1634,    1636,    1629,    2000,    2002,    2004,    1997
    927,    1627,    1733,    1610,    1637,    1995,    2101,    1978,    2005
    928,    1623,    1642,    1628,    1615,    1991,    2010,    1996,    1983
    929,     142,    1664,    1633,     141,     307,    2032,    2001,     308
    930,     140,    1633,    1630,     139,     165,    2001,    1998,     166
    931,    1662,    1663,    1652,    1638,    2030,    2031,    2020,    2006
    932,    1686,    1677,    1669,    1680,    2054,    2045,    2037,    2048
    933,    1744,    1616,    1613,    1626,    2112,    1984,    1981,    1994
    934,    1638,    1653,    1660,    1662,    2006,    2021,    2028,    2030
    935,    1620,    1619,    1654,    1634,    1988,    1987,    2022,    2002
    936,    1751,    1759,    1609,    1639,    2119,    2127,    1977,    2007
    937,    1620,    1634,    1632,    1607,    1988,    2002,    2000,    1975
    938,    1634,    1654,    1673,    1644,    2002,    2022,    2041,    2012
    939,    1747,    1639,    1609,    1629,    2115,    2007,    1977,    1997
    940,    1687,    1675,    1666,    1646,    2055,    2043,    2034,    2014
    941,     160,     161,    1660,    1661,     289,     288,    2028,    2029
    942,    1759,    1751,    1648,    1622,    2127,    2119,    2016,    1990
    943,    1675,    1687,    1689,    1688,    2043,    2055,    2057,    2056
    944,    1672,    1642,    1623,    1649,    2040,    2010,    1991,    2017
    945,    1641,    1650,    1678,    1669,    2009,    2018,    2046,    2037
    946,    1643,    1652,    1663,    1700,    2011,    2020,    2031,    2068
    947,    1683,    1693,    1681,    1665,    2051,    2061,    2049,    2033
    948,    1648,    1751,    1646,    1666,    2016,    2119,    2014,    2034
    949,    1674,    1689,    1687,    1730,    2042,    2057,    2055,    2098
    950,    1682,    1695,    1692,    1685,    2050,    2063,    2060,    2053
    951,     145,    1659,    1655,     144,     304,    2027,    2023,     305
    952,    1670,    1667,    1650,    1651,    2038,    2035,    2018,    2019
    953,     144,    1655,    1658,     143,     305,    2023,    2026,     306
    954,     161,     162,    1662,    1660,     288,     287,    2030,    2028
    955,    1647,    1653,    1627,    1637,    2015,    2021,    1995,    2005
    956,    1664,     142,     143,    1658,    2032,     307,     306,    2026
    957,    1661,    1656,     159,     160,    2029,    2024,     290,     289
    958,     156,     157,    1692,    1695,     293,     292,    2060,    2063
    959,    1699,    1657,     147,     148,    2067,    2025,     302,     301
    960,    1667,    1670,    1658,    1655,    2035,    2038,    2026,    2023
    961,    1650,    1667,    1655,    1678,    2018,    2035,    2023,    2046
    962,    1685,    1661,    1660,    1684,    2053,    2029,    2028,    2052
    963,    1663,    1662,     162,     163,    2031,    2030,     287,     286
    964,    1700,    1663,     163,     164,    2068,    2031,     286,     285
    965,    1665,    1673,    1672,    1683,    2033,    2041,    2040,    2051
    966,    1751,    1639,    1747,    1646,    2119,    2007,    2115,    2014
    967,    1684,    1647,    1635,    1679,    2052,    2015,    2003,    2047
    968,    1670,    1651,    1640,    1668,    2038,    2019,    2008,    2036
    969,    1683,    1672,    1649,    1677,    2051,    2040,    2017,    2045
    970,    1691,    1680,    1669,    1678,    2059,    2048,    2037,    2046
    971,    1695,    1682,    1676,    1690,    2063,    2050,    2044,    2058
    972,     152,     153,    1689,    1696,     297,     296,    2057,    2064
    973,    1681,    1674,    1645,    1665,    2049,    2042,    2013,    2033
    974,    1689,     153,     154,    1688,    2057,     296,     295,    2056
    975,    1676,    1682,    1679,    1671,    2044,    2050,    2047,    2039
    976,    1676,    1675,    1688,    1690,    2044,    2043,    2056,    2058
    977,    1699,    1694,    1680,    1691,    2067,    2062,    2048,    2059
    978,    1661,    1685,    1692,    1656,    2029,    2053,    2060,    2024
    979,    1693,    1683,    1677,    1686,    2061,    2051,    2045,    2054
    980,    1694,    1699,     148,     149,    2062,    2067,     301,     300
    981,    1693,    1698,    1696,    1681,    2061,    2066,    2064,    2049
    982,    1696,    1689,    1674,    1681,    2064,    2057,    2042,    2049
    983,     152,    1696,    1698,     151,     297,    2064,    2066,     298
    984,     154,     155,    1690,    1688,     295,     294,    2058,    2056
    985,    1682,    1685,    1684,    1679,    2050,    2053,    2052,    2047
    986,     150,    1697,    1694,     149,     299,    2065,    2062,     300
    987,    1636,    1645,    1674,    1730,    2004,    2013,    2042,    2098
    988,    1695,    1690,     155,     156,    2063,    2058,     294,     293
    989,    1697,    1686,    1680,    1694,    2065,    2054,    2048,    2062
    990,    1657,    1699,    1691,    1659,    2025,    2067,    2059,    2027
    991,    1698,    1693,    1686,    1697,    2066,    2061,    2054,    2065
    992,    1697,     150,     151,    1698,    2065,     299,     298,    2066
    993,    1504,    1472,    1701,    1715,    1872,    1840,    2069,    2083
    994,    1711,    1710,    1396,    1412,    2079,    2078,    1764,    1780
    995,    1725,    1727,    1710,    1711,    2093,    2095,    2078,    2079
    996,    1724,    1716,    1472,    1504,    2092,    2084,    1840,    1872
    997,    1507,    1479,    1442,    1727,    1875,    1847,    1810,    2095
    998,    1629,    1636,    1730,    1747,    1997,    2004,    2098,    2115
    999,    1557,    1732,    1731,    1545,    1925,    2100,    2099,    1913
   1000,    1745,    1733,    1605,    1599,    2113,    2101,    1973,    1967
   1001,    1740,    1500,    1524,    1739,    2108,    1868,    1892,    2107
   1002,    1551,    1743,    1742,    1729,    1919,    2111,    2110,    2097
   1003,    1584,    1574,    1746,    1750,    1952,    1942,    2114,    2118
   1004,    1730,    1687,    1646,    1747,    2098,    2055,    2014,    2115
   1005,    1748,    1745,    1611,    1621,    2116,    2113,    1979,    1989
   1006,    1749,    1490,    1539,    1568,    2117,    1858,    1907,    1936
   1007,    1517,    1752,    1749,    1743,    1885,    2120,    2117,    2111
   1008,    1749,    1752,    1493,    1490,    2117,    2120,    1861,    1858
   1009,    1573,    1572,    1570,    1569,    1941,    1940,    1938,    1937
   1010,    1606,    1756,    1755,    1560,    1974,    2124,    2123,    1928
   1011,    1632,    1760,    1618,    1607,    2000,    2128,    1986,    1975
